0
6425
8738
9758
13615
13655
16968
19033
19738
19776
21569
24427
24676
26316
26972
27701
33679
34815
39468
42380
48340
49061
87963
145999
152955
160412
240116
328965
352205
394752
462602
593674
854541
929809
986895
990018
1118464
1118481
1184274
1272880
1359565
1381632
1512734
1512980
1642503
1643785
1644825
1651584
1717629
1728193
1775649
1780515
1793568
1842204
1845796
1913758
1973790
2004720
2038026
2040337
2040592
2040593
2040848
2042402
2106640
2171142
2171169
2171923
2172179
2172435
2195088
2238227
2301728
2302726
2302755
2303510
2367520
2368015
2369302
2374579
2399474
2434341
2434841
2435094
2435097
2499106
2500890
2501139
2566171
2566173
2566429
2566682
2631706
2632221
2695475
2697236
2697244
2697245
2697756
2698014
2706568
2763037
2763549
2764564
2770241
2820104
2827062
2828830
2829099
2829341
2836760
2961942
2980755
3022597
3024399
3025679
3091481
3105945
3155515
3156522
3158064
3176526
3183362
3225365
3351066
3354413
3355443
3373128
3393339
3418688
3428943
3434779
3542630
3554585
3579313
3629602
3677972
3681605
3682365
3684408
3685913
3751964
3773998
3815994
3832097
3881787
3893870
3968060
4015388
4016230
4065802
4073251
4155045
4171712
4222837
4285507
4311295
4340748
4342338
4408131
4470602
4473924
4495803
4536109
4539717
4561846
4605510
4612472
4666933
4671303
4671773
4809033
4854924
4985359
5053184
5054720
5054731
5058816
5066061
5072410
5131837
5197131
5218664
5286655
5378955
5389875
5395026
5459435
5531295
5542080
5592405
5658203
5666134
5862272
5918280
5920597
5991734
6052945
6059135
6118764
6164237
6184542
6247213
6291544
6381914
6381921
6508950
6513519
6645086
6645094
6687291
6699455
6702131
6702352
6710886
6834797
6908265
6967599
7057243
7105644
7224647
7229238
7236712
7237230
7353344
7368821
7377829
7434609
7542806
7551546
7556390
7566195
7678208
7679232
7680768
7681024
7682048
7686400
7686912
7691604
7705281
7763302
7763579
7828847
8000018
8014381
8014383
8022615
8033996
8060972
8079449
8163038
8263442
8327953
8355711
8391449
8399890
8406579
8408320
8421504
8440772
8445674
8487025
8505220
8550167
8678442
8687799
8836851
8858934
8916559
8947848
9067069
9163744
9211020
9212570
9231606
9333320
9404166
9408399
9408410
9474205
9539985
9682745
9718290
9865913
9868950
10047099
10066329
10167040
10167474
10242335
10243617
10255717
10278630
10340289
10426903
10515791
10592673
10652803
10790054
10921638
11053224
11057133
11112002
11112295
11184810
11250586
11264133
11526027
11711154
11720246
11720952
11722895
11770767
11778239
11836942
11841150
11898395
12000284
12025761
12039862
12105912
12182171
12312728
12313505
12379053
12510411
12517551
12575131
12576160
12630444
12772776
12773283
12839080
12895428
12903328
12904374
12970406
13031851
13035218
13157046
13163437
13166511
13166762
13167022
13204098
13229526
13298349
13362894
13401423
13407549
13494446
13494961
13495221
13495232
13538264
13560758
13625778
13880511
13888431
13888944
13889214
13947850
13953977
14209512
14275263
14282177
14347703
14473165
14478777
14605008
14673584
14802147
14803943
14806977
14868181
14870710
14934482
14937590
14938061
14951168
15002300
15003071
15014691
15022389
15037299
15066325
15086900
15094016
15131350
15134711
15200724
15214341
15260347
15263452
15263457
15331832
15394286
15463387
15525853
15528953
15592409
15592899
15656370
15660282
15690752
15754290
15789284
15790320
15791867
15919322
15921870
15987179
16027569
16035914
16051660
16052974
16056407
16064048
16088855
16103000
16118756
16119285
16249294
16250608
16250871
16305029
16372346
16391736
16439692
16445409
16506780
16507304
16508385
16557154
16579778
16579836
16728450
16733986
16740096
16746306
16747109
16748864
16750080
16750592
16756055
16760320
16760658
16762880
16763432
16763913
16765952
16774106
16774560
16777215
436602368
437326080
439885588
440747333
441199131
441260800
442905727
443432263
443894016
444885206
451800027
452458224
452512645
452764770
452984831
609045837
654706176
657273366
661990656
661992192
661992448
667281830
670414424
670683770
670751116
671088639
856032768
856756480
856756497
856822290
857223704
857551774
858408257
858466343
858532890
858729497
859315988
859519803
860111940
860174125
860177733
860629531
860691200
860692736
861027891
861097451
861180096
861690961
861690972
861885229
862076287
862348902
862862663
862867254
863203947
863324928
863660631
863850275
864315606
864585864
864835622
864850586
864971336
865356306
865871792
865893733
866153807
866571404
868017069
868514559
870506197
870704341
871230427
871625195
871888624
871943045
872145320
872195170
872398674
872415231
1074136576
1080966471
1082419414
1090519039
1216522952
1291845632
1291855390
1292174597
1292240384
1292700173
1292832527
1292964096
1293431320
1293490457
1293753629
1294082594
1294279973
1294615873
1294673959
1294674731
1294738992
1294740506
1294937113
1295003696
1295200045
1295201075
1295527997
1295530040
1295658816
1295727419
1295855912
1296017344
1296187970
1296316234
1296319556
1296381741
1296385349
1296845900
1296898816
1296900352
1296904448
1296910148
1296977469
1297042763
1297109072
1297235507
1297305067
1297387712
1297438037
1297766229
1297898577
1297898588
1298092845
1298131758
1298283903
1298359132
1298556518
1299070279
1299074870
1299411563
1299523840
1299524864
1299526400
1299526656
1299860015
1300057891
1300267136
1300332657
1300682483
1300793480
1300912701
1301043238
1301056384
1301058202
1301178952
1301433013
1301563922
1301714310
1302101349
1302124262
1302176683
1302361423
1302779020
1303556514
1303623871
1304148906
1304224685
1304722175
1304938175
1305726143
1305793482
1305924555
1306318797
1306647779
1306713813
1306780114
1307504366
1307832811
1307881546
1307898606
1307948632
1307964388
1308096240
1308150661
1308217978
1308285324
1308352936
1308425468
1308576652
1308591910
1308594496
1308601687
1308604747
1308622847
1511594265
1523897290
1545508592
1560281087
1711276032
1711670784
1713184029
1713316624
1714046273
1714104359
1714631475
1714860223
1715089216
1715157819
1715287582
1715447744
1715749956
1716276300
1716665907
1716818112
1716868437
1716933887
1717328977
1717523245
1717714303
1717786416
1717789532
1718500679
1718505270
1719302778
1719488291
1719953622
1720223880
1720347210
1720473638
1720486784
1720609352
1720994322
1721144710
1721782290
1721791823
1724152575
1724368575
1724836790
1726144213
1728053247
1931024665
1943327690
2147483648
2147812613
2147878400
2148141581
2148214779
2149069336
2149713445
2149720610
2150377008
2150839091
2151296832
2151365435
2151493928
2151655360
2151825986
2151957572
2152023365
2152292681
2152483916
2152615485
2153076053
2153536593
2153769774
2153921919
2153997148
2154708295
2154984050
2155040038
2155695907
2155711462
2155839359
2155905152
2156161238
2156320499
2156431496
2156681254
2156694400
2156696218
2157352326
2157739365
2158417036
2159194530
2159483932
2160360191
2161956813
2162351829
2162418130
2162506037
2163123456
2164002331
2164214668
2164260863
2370396489
2371253590
2566914048
2567571981
2567645179
2568240148
2568499736
2568822045
2568954640
2569143845
2569151010
2570269491
2570486556
2571387972
2571453765
2571723081
2572580182
2573200174
2573352319
2574138695
2575126307
2575591638
2575861896
2576111654
2576782726
2577847436
2579790591
2580006591
2580474806
2582553856
2583432731
2583691263
2787649562
2789826889
2790683990
2801593470
3003121664
3003473869
3003715338
3003779597
3003852795
3004447764
3005351461
3005358626
3006477107
3006694172
3007595588
3009559935
3010799872
3011136047
3012069512
3015998207
3016153515
3018761472
3019157578
3019640347
3019870528
3019898879
3226034505
3226891606
3227511598
3258727484
3422763904
3425648640
3427223837
3427361097
3428218198
3428990335
3429609307
3431500856
3432785840
3435428607
3641313805
3641387003
3642885669
3642892834
3644011315
3645464905
3646322006
3647094143
3653532415
3657174555
3866316070
3942645760
4043309055
4278401920
4278542285
4278584832
4281545523
4287137928
4287393810
4288423856
4288578070
4294761984
4294921100
4294960384
4294967295
