# Grove world land cover, generated by tools/grove/landcover_world.py. Do not edit.
# web mercator zoom<TAB>x<TAB>y<TAB>offset<TAB>size; tiles are 8-bit PNGs of ESA WorldCover classes
0	0	0	0	9423
1	0	0	9423	11449
1	1	0	20872	13870
1	0	1	34742	2227
1	1	1	36969	3312
2	0	0	40281	6760
2	1	0	47041	8862
2	2	0	55903	6382
2	3	0	62285	7560
2	0	1	69845	11383
2	1	1	81228	10021
2	2	1	91249	19568
2	3	1	110817	13224
2	0	2	124041	901
2	1	2	124942	5583
2	2	2	130525	4133
2	3	2	134658	5950
3	1	0	140608	1693
3	2	0	142301	7544
3	3	0	149845	4100
3	4	0	153945	1356
3	5	0	155301	1758
3	6	0	157059	1260
3	0	1	158319	5036
3	1	1	163355	13633
3	2	1	176988	10941
3	3	1	187929	4038
3	4	1	191967	6230
3	5	1	198197	9901
3	6	1	208098	13282
3	7	1	221380	8898
3	0	2	230278	9392
3	1	2	239670	19608
3	2	2	259278	13452
3	3	2	272730	4776
3	4	2	277506	21183
3	5	2	298689	19162
3	6	2	317851	12436
3	7	2	330287	14564
3	0	3	344851	479
3	1	3	345330	9398
3	2	3	354728	8091
3	3	3	362819	5249
3	4	3	368068	13248
3	5	3	381316	12107
3	6	3	393423	14484
3	7	3	407907	1625
3	0	4	409532	1563
3	1	4	411095	347
3	2	4	411442	12550
3	3	4	423992	2809
3	4	4	426801	11462
3	5	4	438263	1476
3	6	4	439739	7942
3	7	4	447681	9062
3	0	5	456743	226
3	2	5	456969	3327
3	3	5	460296	528
3	4	5	460824	191
3	5	5	461015	469
3	7	5	461484	1275
4	4	0	462759	436
4	5	0	463195	374
4	6	0	463569	447
4	7	0	464016	240
4	3	1	464256	3073
4	4	1	467329	8957
4	5	1	476286	5624
4	6	1	481910	4560
4	7	1	486470	3017
4	8	1	489487	1726
4	9	1	491213	993
4	10	1	492206	2655
4	11	1	494861	592
4	12	1	495453	2208
4	2	2	497661	4899
4	3	2	502560	9397
4	4	2	511957	8943
4	5	2	520900	1952
4	6	2	522852	1372
4	7	2	524224	3503
4	8	2	527727	3628
4	9	2	531355	1190
4	10	2	532545	2441
4	11	2	534986	2394
4	12	2	537380	11159
4	13	2	548539	1023
4	14	2	549562	3192
4	0	3	552754	5533
4	1	3	558287	9887
4	2	3	568174	12152
4	3	3	580326	13318
4	4	3	593644	14354
4	5	3	607998	5933
4	6	3	613931	5365
4	7	3	619296	1513
4	8	3	620809	5083
4	9	3	625892	7973
4	10	3	633865	10321
4	11	3	644186	16268
4	12	3	660454	17495
4	13	3	677949	13230
4	14	3	691179	15072
4	15	3	706251	8758
4	0	4	715009	8888
4	1	4	723897	18359
4	2	4	742256	22004
4	3	4	764260	16530
4	4	4	780790	12862
4	5	4	793652	7331
4	6	4	800983	2487
4	7	4	803470	4615
4	8	4	808085	12016
4	9	4	820101	15728
4	10	4	835829	15322
4	11	4	851151	18783
4	12	4	869934	6169
4	13	4	876103	12103
4	14	4	888206	21636
4	15	4	909842	16887
4	0	5	926729	1362
4	1	5	928091	201
4	2	5	928292	13322
4	3	5	941614	17749
4	4	5	959363	16988
4	5	5	976351	6837
4	7	5	983188	6997
4	8	5	990185	23622
4	9	5	1013807	21709
4	10	5	1035516	15911
4	11	5	1051427	17510
4	12	5	1068937	12398
4	13	5	1081335	14677
4	14	5	1096012	6927
4	15	5	1102939	2141
4	0	6	1105080	249
4	2	6	1105329	6702
4	3	6	1112031	19726
4	4	6	1131757	10290
4	5	6	1142047	215
4	6	6	1142262	619
4	7	6	1142881	6599
4	8	6	1149480	6538
4	9	6	1156018	10728
4	10	6	1166746	11575
4	11	6	1178321	18397
4	12	6	1196718	16968
4	13	6	1213686	12359
4	14	6	1226045	2160
4	0	7	1228205	368
4	1	7	1228573	579
4	3	7	1229152	4806
4	4	7	1233958	9819
4	5	7	1243777	4464
4	6	7	1248241	488
4	7	7	1248729	9253
4	8	7	1257982	11839
4	9	7	1269821	14425
4	10	7	1284246	3007
4	11	7	1287253	7580
4	12	7	1294833	10861
4	13	7	1305694	5478
4	14	7	1311172	565
4	15	7	1311737	1226
4	0	8	1312963	1299
4	1	8	1314262	1814
4	3	8	1316076	358
4	4	8	1316434	4826
4	5	8	1321260	17838
4	6	8	1339098	8076
4	7	8	1347174	241
4	8	8	1347415	8920
4	9	8	1356335	19272
4	10	8	1375607	2788
4	11	8	1378395	344
4	12	8	1378739	3015
4	13	8	1381754	9838
4	14	8	1391592	8392
4	15	8	1399984	2885
4	0	9	1402869	210
4	1	9	1403079	463
4	2	9	1403542	330
4	3	9	1403872	208
4	4	9	1404080	4657
4	5	9	1408737	15603
4	6	9	1424340	562
4	7	9	1424902	289
4	8	9	1425191	4149
4	9	9	1429340	6752
4	10	9	1436092	805
4	13	9	1436897	11570
4	14	9	1448467	13910
4	15	9	1462377	2014
4	0	10	1464391	310
4	4	10	1464701	7449
4	5	10	1472150	2375
4	6	10	1474525	554
4	9	10	1475079	239
4	10	10	1475318	295
4	11	10	1475613	661
4	14	10	1476274	881
4	15	10	1477155	2546
4	4	11	1479701	268
4	5	11	1479969	211
4	6	11	1480180	527
5	8	1	1480707	353
5	9	1	1481060	475
5	10	1	1481535	391
5	11	1	1481926	315
5	12	1	1482241	420
5	13	1	1482661	454
5	14	1	1483115	311
5	7	2	1483426	1165
5	8	2	1484591	3732
5	9	2	1488323	3493
5	10	2	1491816	3401
5	11	2	1495217	4073
5	12	2	1499290	2617
5	13	2	1501907	3832
5	14	2	1505739	2021
5	15	2	1507760	258
5	20	2	1508018	605
5	21	2	1508623	1064
5	23	2	1509687	278
5	24	2	1509965	549
5	6	3	1510514	516
5	7	3	1511030	3991
5	8	3	1515021	5439
5	9	3	1520460	3412
5	10	3	1523872	2576
5	11	3	1526448	370
5	12	3	1526818	370
5	13	3	1527188	1815
5	14	3	1529003	3067
5	16	3	1532070	482
5	17	3	1532552	2753
5	18	3	1535305	1339
5	19	3	1536644	460
5	20	3	1537104	2040
5	21	3	1539144	1655
5	22	3	1540799	622
5	23	3	1541421	328
5	24	3	1541749	2960
5	25	3	1544709	493
5	5	4	1545202	2189
5	6	4	1547391	3766
5	7	4	1551157	4520
5	8	4	1555677	6557
5	9	4	1562234	3726
5	10	4	1565960	1311
5	11	4	1567271	370
5	12	4	1567641	370
5	13	4	1568011	813
5	14	4	1568824	2705
5	16	4	1571529	530
5	17	4	1572059	5268
5	18	4	1577327	1667
5	21	4	1578994	297
5	22	4	1579291	393
5	23	4	1579684	578
5	24	4	1580262	2387
5	25	4	1582649	3417
5	29	4	1586066	348
5	4	5	1586414	434
5	5	5	1586848	6571
5	6	5	1593419	5162
5	7	5	1598581	5255
5	8	5	1603836	5336
5	9	5	1609172	1291
5	10	5	1610463	1907
5	11	5	1612370	478
5	12	5	1612848	370
5	13	5	1613218	1656
5	14	5	1614874	3722
5	17	5	1618596	924
5	18	5	1619520	426
5	20	5	1619946	879
5	21	5	1620825	3184
5	22	5	1624009	676
5	23	5	1624685	2902
5	24	5	1627587	6791
5	25	5	1634378	7803
5	26	5	1642181	1635
5	27	5	1643816	221
5	28	5	1644037	3946
5	29	5	1647983	1795
5	0	6	1649778	1247
5	1	6	1651025	639
5	2	6	1651664	819
5	4	6	1652483	1991
5	5	6	1654474	7384
5	6	6	1661858	4985
5	7	6	1666843	6994
5	8	6	1673837	7703
5	9	6	1681540	5676
5	10	6	1687216	541
5	11	6	1687757	3543
5	12	6	1691300	370
5	13	6	1691670	6434
5	14	6	1698104	1874
5	15	6	1699978	538
5	17	6	1700516	226
5	18	6	1700742	1578
5	20	6	1702320	4393
5	21	6	1706713	1706
5	22	6	1708419	6352
5	23	6	1714771	6426
5	24	6	1721197	7865
5	25	6	1729062	9368
5	26	6	1738430	7546
5	27	6	1745976	5457
5	28	6	1751433	4540
5	29	6	1755973	2023
5	30	6	1757996	760
5	31	6	1758756	490
5	0	7	1759246	4098
5	1	7	1763344	6883
5	2	7	1770227	11056
5	3	7	1781283	10895
5	4	7	1792178	10028
5	5	7	1802206	7199
5	6	7	1809405	8828
5	7	7	1818233	10160
5	8	7	1828393	8712
5	9	7	1837105	10267
5	10	7	1847372	3499
5	11	7	1850871	5753
5	12	7	1856624	626
5	13	7	1857250	4025
5	14	7	1861275	732
5	17	7	1862007	10981
5	18	7	1872988	10729
5	19	7	1883717	6447
5	20	7	1890164	6842
5	21	7	1897006	9617
5	22	7	1906623	9592
5	23	7	1916215	12641
5	24	7	1928856	11740
5	25	7	1940596	6514
5	26	7	1947110	3175
5	27	7	1950285	12555
5	28	7	1962840	14238
5	29	7	1977078	12056
5	30	7	1989134	10003
5	31	7	1999137	8856
5	0	8	2007993	6109
5	1	8	2014102	9826
5	2	8	2023928	14593
5	3	8	2038521	14990
5	4	8	2053511	20767
5	5	8	2074278	12144
5	6	8	2086422	9381
5	7	8	2095803	8918
5	8	8	2104721	7217
5	9	8	2111938	9577
5	10	8	2121515	5514
5	11	8	2127029	4907
5	12	8	2131936	3025
5	13	8	2134961	1404
5	14	8	2136365	7155
5	15	8	2143520	401
5	16	8	2143921	4869
5	17	8	2148790	10568
5	18	8	2159358	7867
5	19	8	2167225	11179
5	20	8	2178404	8561
5	21	8	2186965	11810
5	22	8	2198775	14846
5	23	8	2213621	10341
5	24	8	2223962	4845
5	25	8	2228807	4695
5	26	8	2233502	6469
5	27	8	2239971	12113
5	28	8	2252084	18214
5	29	8	2270298	18927
5	30	8	2289225	17321
5	31	8	2306546	13842
5	0	9	2320388	628
5	1	9	2321016	6892
5	2	9	2327908	11157
5	3	9	2339065	9940
5	4	9	2349005	20065
5	5	9	2369070	12172
5	6	9	2381242	14528
5	7	9	2395770	16060
5	8	9	2411830	2950
5	9	9	2414780	15195
5	10	9	2429975	7122
5	11	9	2437097	1666
5	12	9	2438763	1706
5	15	9	2440469	4051
5	16	9	2444520	8610
5	17	9	2453130	10280
5	18	9	2463410	15086
5	19	9	2478496	13321
5	20	9	2491817	12330
5	21	9	2504147	14499
5	22	9	2518646	18888
5	23	9	2537534	12656
5	24	9	2550190	4743
5	25	9	2554933	5095
5	26	9	2560028	9821
5	27	9	2569849	8923
5	28	9	2578772	13198
5	29	9	2591970	11212
5	30	9	2603182	12183
5	31	9	2615365	2702
5	0	10	2618067	1235
5	1	10	2619302	1637
5	2	10	2620939	234
5	4	10	2621173	9574
5	5	10	2630747	18654
5	6	10	2649401	15938
5	7	10	2665339	15324
5	8	10	2680663	20746
5	9	10	2701409	15165
5	10	10	2716574	12134
5	11	10	2728708	1658
5	15	10	2730366	11705
5	16	10	2742071	18696
5	17	10	2760767	22956
5	18	10	2783723	24453
5	19	10	2808176	22049
5	20	10	2830225	19181
5	21	10	2849406	15841
5	22	10	2865247	15422
5	23	10	2880669	18849
5	24	10	2899518	15029
5	25	10	2914547	13169
5	26	10	2927716	10836
5	27	10	2938552	14783
5	28	10	2953335	8319
5	29	10	2961654	3671
5	30	10	2965325	4779
5	31	10	2970104	976
5	4	11	2971080	1114
5	5	11	2972194	15605
5	6	11	2987799	14447
5	7	11	3002246	16121
5	8	11	3018367	12542
5	9	11	3030909	9914
5	10	11	3040823	5121
5	11	11	3045944	2003
5	15	11	3047947	10916
5	16	11	3058863	21162
5	17	11	3080025	20679
5	18	11	3100704	17320
5	19	11	3118024	15033
5	20	11	3133057	9172
5	21	11	3142229	9461
5	22	11	3151690	9984
5	23	11	3161674	13526
5	24	11	3175200	7402
5	25	11	3182602	5679
5	26	11	3188281	12286
5	27	11	3200567	13949
5	28	11	3214516	5687
5	29	11	3220203	1878
5	4	12	3222081	520
5	5	12	3222601	17346
5	6	12	3239947	18709
5	7	12	3258656	20168
5	8	12	3278824	16243
5	9	12	3295067	6439
5	10	12	3301506	279
5	13	12	3301785	1026
5	14	12	3302811	407
5	15	12	3303218	15732
5	16	12	3318950	10870
5	17	12	3329820	7889
5	18	12	3337709	12263
5	19	12	3349972	14687
5	20	12	3364659	13608
5	21	12	3378267	11481
5	22	12	3389748	21150
5	23	12	3410898	5965
5	24	12	3416863	10447
5	25	12	3427310	14175
5	26	12	3441485	16081
5	27	12	3457566	8126
5	28	12	3465692	4979
5	1	13	3470671	376
5	5	13	3471047	2875
5	6	13	3473922	15076
5	7	13	3488998	11677
5	8	13	3500675	8111
5	9	13	3508786	2475
5	14	13	3511261	1885
5	15	13	3513146	2644
5	16	13	3515790	489
5	17	13	3516279	1130
5	18	13	3517409	2973
5	19	13	3520382	3018
5	20	13	3523400	7953
5	21	13	3531353	4270
5	22	13	3535623	16474
5	23	13	3552097	18109
5	24	13	3570206	18768
5	25	13	3588974	15621
5	26	13	3604595	12835
5	27	13	3617430	1882
5	1	14	3619312	528
5	2	14	3619840	1061
5	6	14	3620901	4147
5	7	14	3625048	10420
5	8	14	3635468	8384
5	9	14	3643852	6272
5	10	14	3650124	2373
5	13	14	3652497	847
5	14	14	3653344	7132
5	15	14	3660476	11877
5	16	14	3672353	9582
5	17	14	3681935	5190
5	18	14	3687125	5710
5	19	14	3692835	10624
5	20	14	3703459	2233
5	21	14	3705692	549
5	22	14	3706241	9822
5	23	14	3716063	9106
5	24	14	3725169	9451
5	25	14	3734620	12284
5	26	14	3746904	4088
5	27	14	3750992	869
5	28	14	3751861	687
5	30	14	3752548	327
5	31	14	3752875	306
5	1	15	3753181	272
5	2	15	3753453	276
5	7	15	3753729	446
5	8	15	3754175	3028
5	9	15	3757203	11962
5	10	15	3769165	7701
5	11	15	3776866	2289
5	14	15	3779155	2711
5	15	15	3781866	10612
5	16	15	3792478	13376
5	17	15	3805854	13546
5	18	15	3819400	15646
5	19	15	3835046	17101
5	20	15	3852147	5339
5	22	15	3857486	2545
5	23	15	3860031	2444
5	24	15	3862475	4795
5	25	15	3867270	5605
5	26	15	3872875	5383
5	27	15	3878258	3628
5	28	15	3881886	350
5	30	15	3882236	1016
5	31	15	3883252	1223
5	2	16	3884475	397
5	3	16	3884872	807
5	7	16	3885679	638
5	8	16	3886317	3683
5	9	16	3890000	3999
5	10	16	3893999	4933
5	11	16	3898932	14529
5	12	16	3913461	13664
5	14	16	3927125	239
5	16	16	3927364	1155
5	17	16	3928519	14906
5	18	16	3943425	18269
5	19	16	3961694	13959
5	20	16	3975653	735
5	22	16	3976388	500
5	24	16	3976888	1235
5	25	16	3978123	6325
5	26	16	3984448	8392
5	27	16	3992840	5271
5	28	16	3998111	5521
5	29	16	4003632	4146
5	30	16	4007778	1667
5	31	16	4009445	989
5	0	17	4010434	1941
5	1	17	4012375	546
5	2	17	4012921	1178
5	3	17	4014099	1855
5	9	17	4015954	6755
5	10	17	4022709	17567
5	11	17	4040276	26250
5	12	17	4066526	12770
5	15	17	4079296	244
5	17	17	4079540	14603
5	18	17	4094143	21812
5	19	17	4115955	13425
5	20	17	4129380	6392
5	21	17	4135772	475
5	26	17	4136247	4089
5	27	17	4140336	10257
5	28	17	4150593	11091
5	29	17	4161684	2794
5	30	17	4164478	2392
5	31	17	4166870	1622
5	1	18	4168492	196
5	2	18	4168688	428
5	3	18	4169116	458
5	4	18	4169574	491
5	6	18	4170065	255
5	9	18	4170320	3618
5	10	18	4173938	19292
5	11	18	4193230	17660
5	12	18	4210890	1251
5	17	18	4212141	9700
5	18	18	4221841	15829
5	19	18	4237670	2617
5	20	18	4240287	2007
5	26	18	4242294	18085
5	27	18	4260379	12818
5	28	18	4273197	15053
5	29	18	4288250	12222
5	30	18	4300472	521
5	8	19	4300993	299
5	9	19	4301292	10379
5	10	19	4311671	13804
5	11	19	4325475	2849
5	14	19	4328324	299
5	15	19	4328623	247
5	17	19	4328870	3217
5	18	19	4332087	3100
5	26	19	4335187	5056
5	27	19	4340243	1978
5	28	19	4342221	11779
5	29	19	4354000	6572
5	31	19	4360572	4391
5	0	20	4364963	459
5	9	20	4365422	12855
5	10	20	4378277	3763
5	19	20	4382040	323
5	20	20	4382363	422
5	22	20	4382785	363
5	28	20	4383148	1128
5	29	20	4384276	1413
5	30	20	4385689	1592
5	31	20	4387281	4382
5	9	21	4391663	10693
5	10	21	4402356	2076
5	12	21	4404432	992
5	22	21	4405424	1079
5	30	21	4406503	647
5	31	21	4407150	303
5	9	22	4407453	388
5	10	22	4407841	285
5	13	22	4408126	867
