# Grove's Mangrove reviews (CC BY 4.0), generated by tools/grove/mangrove_reviews.py. Do not edit.
# lat<TAB>lon<TAB>offset<TAB>size of each 1-degree cell's zlib block of review lines:
# lat lon uncertainty name rating(0..100) time author opinion, with \t \n \\ escaped
-50	-73	0	131
-46	168	131	188
-45	168	319	235
-45	169	554	158
-44	169	712	411
-44	171	1123	172
-44	172	1295	433
-43	146	1728	59
-43	170	1787	164
-42	-72	1951	949
-42	147	2900	395
-42	173	3295	538
-42	174	3833	138
-41	-72	3971	278
-41	172	4249	299
-41	173	4548	613
-40	-73	5161	61
-40	-72	5222	59
-40	175	5281	206
-39	146	5487	183
-39	176	5670	296
-38	144	5966	717
-38	145	6683	160
-38	174	6843	167
-38	175	7010	244
-37	150	7254	194
-37	174	7448	130
-36	138	7578	354
-35	-59	7932	628
-35	-58	8560	411
-35	-57	8971	114
-35	18	9085	67
-35	138	9152	809
-34	-72	9961	237
-34	-71	10198	163
-34	-62	10361	227
-34	18	10588	516
-34	151	11104	159
-33	-61	11263	545
-33	115	11808	161
-32	-65	11969	1459
-32	-64	13428	82
-32	129	13510	211
-31	-65	13721	84
-30	-72	13805	152
-30	30	13957	77
-30	115	14034	170
-30	151	14204	271
-29	114	14475	231
-29	152	14706	167
-28	-56	14873	550
-28	-49	15423	78
-28	152	15501	737
-28	153	16238	709
-27	150	16947	102
-27	153	17049	77
-26	-58	17126	285
-26	-50	17411	1099
-26	131	18510	310
-26	132	18820	137
-26	148	18957	188
-26	149	19145	236
-25	131	19381	169
-25	132	19550	158
-25	152	19708	131
-24	-71	19839	167
-24	-47	20006	535
-24	-44	20541	470
-24	17	21011	235
-24	134	21246	230
-24	149	21476	168
-23	-69	21644	85
-23	-48	21729	107
-23	-44	21836	1069
-23	46	22905	136
-23	143	23041	155
-22	46	23196	296
-22	55	23492	114
-22	114	23606	183
-21	14	23789	132
-21	47	23921	107
-21	134	24028	228
-21	140	24256	278
-20	-47	24534	77
-20	121	24611	135
-20	134	24746	156
-19	47	24902	185
-18	122	25087	248
-18	124	25335	271
-17	-69	25606	333
-15	133	25939	301
-14	-72	26240	138
-14	48	26378	358
-14	131	26736	539
-13	-78	27275	298
-13	-42	27573	163
-13	132	27736	647
-9	115	28383	70
-9	116	28453	76
-9	125	28529	78
-8	109	28607	70
-8	112	28677	178
-7	106	28855	335
-7	107	29190	109
-5	-80	29299	465
-5	15	29764	102
-5	39	29866	74
-4	-80	29940	2480
-3	-80	32420	1778
-3	104	34198	132
-2	36	34330	255
-1	-79	34585	2106
-1	-77	36691	251
0	0	36942	279
1	103	37221	646
3	51	37867	115
4	-75	37982	152
6	-76	38134	122
6	-6	38256	78
6	81	38334	61
7	-82	38395	132
7	36	38527	86
7	99	38613	296
8	4	38909	58
8	38	38967	2407
8	40	41374	361
8	44	41735	61
9	-84	41796	75
9	-80	41871	218
9	38	42089	2276
9	41	44365	297
9	76	44662	176
9	78	44838	630
10	-75	45468	278
10	-62	45746	73
10	-4	45819	70
10	76	45889	90
10	77	45979	181
10	79	46160	64
10	99	46224	772
10	103	46996	106
10	106	47102	890
10	122	47992	295
10	123	48287	858
11	76	49145	438
11	79	49583	595
11	121	50178	317
12	15	50495	65
12	77	50560	2208
12	78	52768	354
12	79	53122	439
12	80	53561	280
13	74	53841	273
13	75	54114	439
13	77	54553	1219
13	80	55772	98
13	103	55870	311
13	121	56181	1132
14	121	57313	2212
15	99	59525	224
16	-100	59749	129
16	-93	59878	176
16	-62	60054	534
16	74	60588	127
16	103	60715	114
17	73	60829	226
17	81	61055	82
18	72	61137	143
18	73	61280	224
18	79	61504	581
19	-100	62085	353
19	72	62438	1820
19	73	64258	875
19	74	65133	552
20	-106	65685	550
20	-101	66235	125
20	-99	66360	100
20	-89	66460	149
21	-158	66609	223
21	39	66832	736
21	81	67568	156
22	87	67724	311
22	113	68035	340
23	86	68375	158
23	87	68533	128
23	90	68661	437
23	120	69098	172
24	54	69270	448
25	-101	69718	74
25	-78	69792	677
25	81	70469	136
25	121	70605	1405
26	72	72010	85
26	75	72095	54
26	80	72149	1708
26	88	73857	275
26	91	74132	199
26	94	74331	78
26	127	74409	1725
26	128	76134	126
27	-83	76260	157
27	78	76417	221
28	-82	76638	1028
28	-81	77666	184
28	-18	77850	63
28	-17	77913	506
28	-16	78419	703
28	77	79122	5055
29	52	84177	946
30	-98	85123	571
30	-91	85694	239
30	-83	85933	257
30	-82	86190	61
30	-10	86251	119
30	-9	86370	91
30	76	86461	149
30	130	86610	473
31	-107	87083	173
31	-83	87256	72
31	29	87328	499
31	34	87827	150
31	75	87977	191
31	130	88168	613
32	-118	88781	1780
32	-111	90561	370
32	-98	90931	904
32	-97	91835	546
32	-18	92381	698
32	-17	93079	1869
32	34	94948	61
32	35	95009	86
32	44	95095	126
32	76	95221	278
33	-119	95499	3254
33	-118	98753	1524
33	-112	100277	88
33	-98	100365	118
33	-87	100483	554
33	-84	101037	194
33	-79	101231	99
33	35	101330	158
33	73	101488	67
33	129	101555	122
33	130	101677	101
34	-121	101778	163
34	-120	101941	5467
34	-119	107408	3126
34	-86	110534	109
34	-84	110643	237
34	5	110880	93
34	32	110973	53
34	36	111026	74
34	51	111100	141
34	134	111241	355
34	135	111596	831
34	136	112427	87
34	139	112514	274
35	-121	112788	387
35	-112	113175	169
35	-106	113344	219
35	-98	113563	314
35	-83	113877	590
35	-82	114467	258
35	-81	114725	116
35	-3	114841	101
35	23	114942	168
35	24	115110	349
35	25	115459	609
35	35	116068	103
35	44	116171	61
35	135	116232	193
35	136	116425	75
35	138	116500	134
35	139	116634	6433
35	140	123067	55
36	-122	123122	314
36	-116	123436	520
36	-96	123956	134
36	-87	124090	180
36	-7	124270	493
36	-6	124763	162
36	-5	124925	439
36	-4	125364	157
36	3	125521	301
36	10	125822	368
36	14	126190	71
36	28	126261	408
36	29	126669	269
36	30	126938	262
36	31	127200	171
36	137	127371	81
36	139	127452	127
37	-123	127579	1568
37	-120	129147	668
37	-119	129815	397
37	-84	130212	186
37	-81	130398	70
37	-78	130468	213
37	-9	130681	758
37	-8	131439	541
37	-7	131980	195
37	-6	132175	422
37	-4	132597	582
37	-2	133179	285
37	-1	133464	181
37	13	133645	84
37	15	133729	256
37	23	133985	268
37	25	134253	600
37	27	134853	140
37	29	134993	106
37	31	135099	84
37	32	135183	328
37	113	135511	64
37	127	135575	199
38	-122	135774	213
38	-91	135987	208
38	-86	136195	541
38	-85	136736	1038
38	-80	137774	79
38	-78	137853	456
38	-10	138309	36962
38	-9	175271	393
38	-7	175664	223
38	-6	175887	218
38	-2	176105	316
38	-1	176421	857
38	13	177278	1100
38	27	178378	236
38	34	178614	323
38	46	178937	84
38	140	179021	106
39	-107	179127	486
39	-106	179613	2973
39	-105	182586	251
39	-96	182837	291
39	-87	183128	334
39	-84	183462	72
39	-83	183534	264
39	-82	183798	143
39	-78	183941	631
39	-76	184572	611
39	-75	185183	814
39	-10	185997	677
39	-9	186674	496
39	-7	187170	175
39	-4	187345	274
39	-1	187619	988
39	2	188607	371
39	3	188978	661
39	8	189639	61
39	19	189700	187
39	20	189887	185
39	21	190072	119
39	26	190191	174
39	32	190365	487
39	116	190852	66
40	-123	190918	764
40	-112	191682	195
40	-106	191877	450
40	-105	192327	475
40	-80	192802	122
40	-76	192924	924
40	-75	193848	190
40	-74	194038	386
40	-9	194424	638
40	-8	195062	201
40	-7	195263	210
40	-4	195473	2224
40	-3	197697	130
40	14	197827	974
40	15	198801	161
40	17	198962	70
40	19	199032	109
40	20	199141	395
40	22	199536	466
40	23	200002	285
40	26	200287	151
40	29	200438	248
40	43	200686	168
40	72	200854	130
40	140	200984	267
41	-95	201251	76
41	-94	201327	214
41	-89	201541	280
41	-88	201821	1225
41	-75	203046	125
41	-74	203171	230
41	-73	203401	812
41	-72	204213	154
41	-9	204367	10259
41	-8	214626	524
41	-6	215150	290
41	-5	215440	121
41	-2	215561	91
41	-1	215652	113
41	1	215765	215
41	2	215980	5162
41	3	221142	185
41	8	221327	750
41	12	222077	2039
41	14	224116	138
41	15	224254	143
41	16	224397	151
41	19	224548	390
41	44	224938	85
42	-107	225023	310
42	-106	225333	66
42	-90	225399	511
42	-89	225910	1045
42	-88	226955	75
42	-86	227030	169
42	-85	227199	63
42	-84	227262	1291
42	-79	228553	121
42	-77	228674	333
42	-73	229007	167
42	-72	229174	4166
42	-71	233340	299
42	-9	233639	72
42	-6	233711	226
42	-5	233937	278
42	-4	234215	115
42	-3	234330	540
42	-2	234870	160
42	0	235030	337
42	1	235367	239
42	2	235606	391
42	3	235997	976
42	9	236973	4403
42	10	241376	813
42	12	242189	57
42	13	242246	140
42	14	242386	855
42	19	243241	1103
42	20	244344	328
42	23	244672	67
42	24	244739	193
42	25	244932	147
42	27	245079	109
42	131	245188	127
43	-117	245315	199
43	-90	245514	300
43	-89	245814	171
43	-84	245985	1730
43	-81	247715	543
43	-80	248258	4386
43	-71	252644	293
43	-70	252937	119
43	-9	253056	67
43	-8	253123	154
43	-6	253277	97
43	-5	253374	86
43	-4	253460	496
43	-3	253956	1069
43	-2	255025	582
43	0	255607	383
43	1	255990	1183
43	2	257173	759
43	3	257932	265
43	4	258197	285
43	5	258482	752
43	6	259234	664
43	7	259898	624
43	10	260522	1527
43	11	262049	2450
43	12	264499	650
43	13	265149	265
43	16	265414	2021
43	17	267435	243
43	18	267678	536
43	19	268214	103
43	25	268317	128
43	131	268445	106
43	144	268551	94
44	-125	268645	305
44	-124	268950	130
44	-94	269080	304
44	-92	269384	182
44	-81	269566	268
44	-80	269834	522
44	-74	270356	108
44	-69	270464	261
44	-64	270725	171
44	-2	270896	1420
44	-1	272316	686
44	1	273002	273
44	2	273275	236
44	3	273511	443
44	4	273954	657
44	5	274611	1325
44	6	275936	709
44	7	276645	156
44	9	276801	1601
44	10	278402	1472
44	11	279874	1759
44	12	281633	135
44	13	281768	319
44	14	282087	430
44	15	282517	450
44	19	282967	136
44	20	283103	1083
44	21	284186	79
44	37	284265	463
44	38	284728	69
44	39	284797	70
45	-124	284867	73
45	-123	284940	697
45	-110	285637	353
45	-94	285990	255
45	-76	286245	197
45	-75	286442	71
45	-74	286513	914
45	-73	287427	824
45	-72	288251	90
45	-68	288341	115
45	-67	288456	114
45	-64	288570	138
45	-2	288708	2645
45	-1	291353	273
45	0	291626	175
45	1	291801	195
45	2	291996	332
45	3	292328	233
45	4	292561	2709
45	5	295270	1728
45	6	296998	3774
45	7	300772	304
45	8	301076	165
45	9	301241	3252
45	10	304493	1796
45	11	306289	1537
45	12	307826	1825
45	13	309651	1659
45	15	311310	752
45	16	312062	141
45	18	312203	349
45	19	312552	77
45	21	312629	110
45	24	312739	79
46	-123	312818	1686
46	-96	314504	119
46	-75	314623	73
46	-73	314696	66
46	-72	314762	1403
46	-2	316165	98
46	-1	316263	234
46	0	316497	264
46	3	316761	245
46	4	317006	784
46	5	317790	1515
46	6	319305	2098
46	7	321403	1210
46	8	322613	2411
46	9	325024	2845
46	10	327869	1149
46	11	329018	1080
46	12	330098	105
46	13	330203	1017
46	14	331220	974
46	15	332194	519
46	17	332713	1586
46	19	334299	204
46	20	334503	136
46	26	334639	90
47	-125	334729	181
47	-123	334910	2735
47	-105	337645	145
47	-95	337790	226
47	-5	338016	198
47	-4	338214	761
47	-3	338975	192
47	-2	339167	258
47	-1	339425	1324
47	0	340749	264
47	1	341013	122
47	2	341135	139
47	3	341274	212
47	4	341486	856
47	5	342342	930
47	6	343272	1220
47	7	344492	2701
47	8	347193	23539
47	9	370732	24361
47	10	395093	1788
47	11	396881	2559
47	12	399440	841
47	13	400281	666
47	14	400947	653
47	15	401600	1330
47	16	402930	126
47	18	403056	159
47	19	403215	2228
47	26	405443	125
47	28	405568	67
47	29	405635	526
48	-124	406161	336
48	-123	406497	735
48	-5	407232	1061
48	-4	408293	241
48	-2	408534	1553
48	-1	410087	588
48	0	410675	262
48	1	410937	390
48	2	411327	11328
48	5	422655	297
48	6	422952	1824
48	7	424776	3942
48	8	428718	3841
48	9	432559	7476
48	10	440035	1663
48	11	441698	12077
48	12	453775	215
48	13	453990	170
48	14	454160	564
48	15	454724	585
48	16	455309	4583
48	17	459892	342
48	18	460234	141
48	19	460375	177
48	21	460552	173
48	44	460725	247
48	103	460972	223
48	135	461195	286
49	-126	461481	489
49	-125	461970	697
49	-124	462667	1632
49	-123	464299	111
49	-117	464410	208
49	-3	464618	355
49	-2	464973	277
49	-1	465250	168
49	0	465418	627
49	1	466045	2269
49	2	468314	269
49	3	468583	66
49	4	468649	924
49	5	469573	113
49	6	469686	1012
49	7	470698	613
49	8	471311	7394
49	9	478705	740
49	10	479445	1691
49	11	481136	2909
49	12	484045	1474
49	13	485519	628
49	14	486147	194
49	15	486341	164
49	16	486505	1582
49	17	488087	54
49	18	488141	262
49	19	488403	14882
49	20	503285	13657
49	22	516942	56
49	24	516998	58
49	32	517056	86
50	-125	517142	231
50	-122	517373	132
50	-5	517505	155
50	-4	517660	314
50	-3	517974	135
50	-2	518109	255
50	0	518364	145
50	1	518509	815
50	2	519324	8204
50	3	527528	18889
50	4	546417	114964
50	5	661381	615
50	6	661996	5512
50	7	667508	5409
50	8	672917	4381
50	9	677298	3687
50	10	680985	396
50	11	681381	2052
50	12	683433	185
50	13	683618	548
50	14	684166	5709
50	15	689875	545
50	16	690420	284
50	18	690704	248
50	19	690952	69388
50	20	760340	22428
50	21	782768	104
50	22	782872	118
50	30	782990	59
51	-117	783049	738
51	-115	783787	391
51	-11	784178	55
51	-9	784233	15145
51	-5	799378	206
51	-4	799584	278
51	-3	799862	247
51	-2	800109	1238
51	-1	801347	18422
51	0	819769	788
51	1	820557	114
51	2	820671	496
51	3	821167	7187
51	4	828354	6905
51	5	835259	1970
51	6	837229	2492
51	7	839721	3797
51	8	843518	1986
51	9	845504	2061
51	10	847565	1943
51	11	849508	2499
51	12	852007	2075
51	13	854082	1477
51	14	855559	1827
51	15	857386	75
51	16	857461	169
51	17	857630	462
51	18	858092	512
51	19	858604	61
51	20	858665	141
51	21	858806	114
51	46	858920	76
51	105	858996	339
51	108	859335	100
51	114	859435	85
52	-118	859520	310
52	-10	859830	67
52	-8	859897	64
52	-4	859961	698
52	-3	860659	114
52	-2	860773	299
52	1	861072	350
52	4	861422	6178
52	5	867600	1878
52	6	869478	1424
52	7	870902	1946
52	8	872848	1191
52	9	874039	33585
52	10	907624	2166
52	11	909790	545
52	12	910335	971
52	13	911306	24786
52	14	936092	184
52	15	936276	306
52	16	936582	691
52	18	937273	339
52	19	937612	374
52	20	937986	7272
52	21	945258	23596
52	23	968854	89
52	104	968943	270
53	-9	969213	112
53	-7	969325	3061
53	-3	972386	513
53	-2	972899	436
53	5	973335	264
53	6	973599	423
53	7	974022	432
53	8	974454	3005
53	9	977459	3603
53	10	981062	3509
53	11	984571	918
53	12	985489	1114
53	13	986603	983
53	14	987586	1105
53	18	988691	383
53	20	989074	310
53	22	989384	461
53	23	989845	139
53	28	989984	105
53	29	990089	172
53	50	990261	80
54	-9	990341	62
54	-8	990403	59
54	-7	990462	283
54	-6	990745	140
54	-2	990885	64
54	-1	990949	799
54	8	991748	604
54	9	992352	908
54	10	993260	954
54	11	994214	674
54	12	994888	805
54	13	995693	181
54	14	995874	75
54	18	995949	2441
54	19	998390	715
54	23	999105	73
54	25	999178	145
54	27	999323	172
54	45	999495	173
54	56	999668	478
55	-5	1000146	859
55	-4	1001005	1620
55	-3	1002625	798
55	8	1003423	872
55	9	1004295	914
55	10	1005209	474
55	11	1005683	625
55	12	1006308	8002
55	13	1014310	774
55	23	1015084	133
55	37	1015217	318
56	-6	1015535	187
56	-5	1015722	318
56	-4	1016040	242
56	8	1016282	242
56	9	1016524	849
56	10	1017373	120
56	12	1017493	1212
56	14	1018705	313
56	23	1019018	206
56	24	1019224	1350
56	84	1020574	76
57	-5	1020650	270
57	-4	1020920	141
57	7	1021061	98
57	9	1021159	369
57	11	1021528	206
57	12	1021734	131
57	15	1021865	113
57	24	1021978	898
57	37	1022876	104
57	38	1022980	169
58	-6	1023149	86
58	5	1023235	124
58	6	1023359	67
58	7	1023426	69
58	8	1023495	156
58	9	1023651	104
58	11	1023755	1020
58	12	1024775	127
58	13	1024902	174
58	15	1025076	200
58	18	1025276	80
58	24	1025356	151
59	8	1025507	146
59	9	1025653	285
59	10	1025938	7862
59	11	1033800	258
59	12	1034058	63
59	16	1034121	794
59	17	1034915	765
59	18	1035680	2612
59	30	1038292	197
60	5	1038489	612
60	6	1039101	72
60	7	1039173	259
60	8	1039432	110
60	9	1039542	96
60	10	1039638	244
60	11	1039882	89
60	19	1039971	64
60	22	1040035	959
60	23	1040994	286
60	24	1041280	752
60	25	1042032	271
61	-108	1042303	67
61	8	1042370	87
61	9	1042457	167
61	13	1042624	83
61	21	1042707	406
61	23	1043113	118
61	25	1043231	72
61	28	1043303	124
62	12	1043427	72
62	17	1043499	111
62	23	1043610	80
63	-23	1043690	341
63	-22	1044031	141
63	-21	1044172	275
63	-19	1044447	819
63	-17	1045266	226
63	12	1045492	115
63	13	1045607	231
63	22	1045838	64
64	-24	1045902	115
64	-22	1046017	1285
64	-21	1047302	274
64	-17	1047576	105
65	-25	1047681	284
65	-24	1047965	360
65	-23	1048325	346
65	-22	1048671	682
66	-24	1049353	653
66	13	1050006	192
66	15	1050198	172
66	25	1050370	59
67	15	1050429	354
67	23	1050783	194
69	18	1050977	197
71	25	1051174	70
